<?xml version="1.0"?>
<opencv_storage>
<calibration_time>"Sun Mar 24 09:08:53 2019"</calibration_time>
<nr_of_frames>2</nr_of_frames>
<image_width>1280</image_width>
<image_height>720</image_height>
<board_width>9</board_width>
<board_height>6</board_height>
<square_size>50.</square_size>
<fix_aspect_ratio>1.</fix_aspect_ratio>
<!-- flags: +fix_aspectRatio +fix_principal_point +zero_tangent_dist +fix_k4 +fix_k5 -->
<flags>6158</flags>
<fisheye_model>0</fisheye_model>
<camera_matrix type_id="opencv-matrix">
  <rows>3</rows>
  <cols>3</cols>
  <dt>d</dt>
  <data>
    9.7034101036616528e+02 0. 640. 0. 9.7034101036616528e+02 360. 0. 0.
    1.</data></camera_matrix>
<distortion_coefficients type_id="opencv-matrix">
  <rows>5</rows>
  <cols>1</cols>
  <dt>d</dt>
  <data>
    -1.1318822456948938e-01 3.8196199673568625e-02 0. 0.
    1.5098791632647743e+00</data></distortion_coefficients>
<avg_reprojection_error>5.6036093606450121e-01</avg_reprojection_error>
<per_view_reprojection_errors type_id="opencv-matrix">
  <rows>2</rows>
  <cols>1</cols>
  <dt>f</dt>
  <data>
    6.23198986e-01 4.89522010e-01</data></per_view_reprojection_errors>
<!-- a set of 6-tuples (rotation vector + translation vector) for each view -->
<extrinsic_parameters type_id="opencv-matrix">
  <rows>2</rows>
  <cols>6</cols>
  <dt>d</dt>
  <data>
    6.0049064708909017e-01 4.8683694164884761e-01 2.8654403060058788e+00
    1.4300788972547639e+02 8.4300584298116462e+01 5.9079943309551925e+02
    6.3911689535648841e-01 5.0834054603969747e-01 2.8364139497021799e+00
    1.4381045617143062e+02 9.5075154876704005e+01 6.7227517086776311e+02</data></extrinsic_parameters>
<image_points type_id="opencv-matrix">
  <rows>2</rows>
  <cols>54</cols>
  <dt>"2f"</dt>
  <data>
    8.73268738e+02 4.97662384e+02 7.94764709e+02 5.11902496e+02
    7.21015442e+02 5.25285522e+02 6.50876160e+02 5.37987122e+02
    5.84880127e+02 5.49867493e+02 5.22635376e+02 5.61238586e+02
    4.63571045e+02 5.71882996e+02 4.07658417e+02 5.81849182e+02
    3.54626160e+02 5.91632996e+02 8.58830566e+02 4.20101685e+02
    7.83105164e+02 4.36343658e+02 7.11407043e+02 4.51486176e+02
    6.43094971e+02 4.65814423e+02 5.78861633e+02 4.79401184e+02
    5.18277588e+02 4.92475586e+02 4.60698425e+02 5.04700134e+02
    4.06291229e+02 5.16348389e+02 3.54370667e+02 5.27377930e+02
    8.45431946e+02 3.46873596e+02 7.71884766e+02 3.64745697e+02
    7.02263672e+02 3.81444244e+02 6.35766968e+02 3.97076569e+02
    5.73199768e+02 4.12075104e+02 5.14310913e+02 4.26463379e+02
    4.58228790e+02 4.40398865e+02 4.05470062e+02 4.53396271e+02
    3.55181549e+02 4.65990753e+02 8.32681763e+02 2.77157104e+02
    7.61326660e+02 2.96305450e+02 6.93065613e+02 3.14282104e+02
    6.28867371e+02 3.31412567e+02 5.67873779e+02 3.47623810e+02
    5.10361176e+02 3.63390228e+02 4.55626587e+02 3.78598358e+02
    4.04374817e+02 3.93093964e+02 3.55513306e+02 4.06699158e+02
    8.20497803e+02 2.11188873e+02 7.50882568e+02 2.31534439e+02
    6.85118469e+02 2.50594727e+02 6.22080261e+02 2.68974854e+02
    5.62964111e+02 2.86456146e+02 5.06617157e+02 3.03289886e+02
    4.53202972e+02 3.19653229e+02 4.02846924e+02 3.35227539e+02
    3.55091400e+02 3.50139038e+02 8.08950256e+02 1.48496460e+02
    7.41125366e+02 1.70238220e+02 6.77340881e+02 1.90296860e+02
    6.16111511e+02 2.09693176e+02 5.58242615e+02 2.28315842e+02
    5.03517944e+02 2.46211746e+02 4.50775116e+02 2.63416351e+02
    4.01229553e+02 2.79734985e+02 3.54125946e+02 2.95356598e+02
    8.46413513e+02 4.96563385e+02 7.78749207e+02 5.10543304e+02
    7.14541565e+02 5.23811096e+02 6.53549377e+02 5.36410400e+02
    5.96043823e+02 5.48278748e+02 5.41473633e+02 5.59585266e+02
    4.89442780e+02 5.70336365e+02 4.40382568e+02 5.80174500e+02
    3.93075592e+02 5.89961182e+02 8.33577881e+02 4.28588623e+02
    7.67916138e+02 4.44095245e+02 7.05729858e+02 4.58692505e+02
    6.46136841e+02 4.72606384e+02 5.89823792e+02 4.85798828e+02
    5.36888550e+02 4.98521271e+02 4.86248077e+02 5.10479279e+02
    4.38132233e+02 5.21899231e+02 3.92175903e+02 5.32493530e+02
    8.21514221e+02 3.64122009e+02 7.57767273e+02 3.81031311e+02
    6.97431763e+02 3.96772461e+02 6.39079895e+02 4.11702271e+02
    5.84452454e+02 4.26035675e+02 5.32654907e+02 4.40011108e+02
    4.83127563e+02 4.53321564e+02 4.36503784e+02 4.65526764e+02
    3.91874084e+02 4.77850281e+02 8.10176331e+02 3.02614471e+02
    7.48216370e+02 3.20392670e+02 6.88951172e+02 3.37338104e+02
    6.32548645e+02 3.53488617e+02 5.79056213e+02 3.68763489e+02
    5.28447144e+02 3.83756500e+02 4.80461029e+02 3.97960114e+02
    4.34597015e+02 4.11899628e+02 3.91165649e+02 4.24753510e+02
    7.99159607e+02 2.44329605e+02 7.38685120e+02 2.63187256e+02
    6.81217102e+02 2.80889679e+02 6.26168701e+02 2.98227173e+02
    5.74062012e+02 3.14299469e+02 5.24706055e+02 3.30174103e+02
    4.76900665e+02 3.45560394e+02 4.32792511e+02 3.59837708e+02
    3.90338654e+02 3.74011963e+02 7.88695068e+02 1.88717361e+02
    7.30160400e+02 2.08503372e+02 6.73893188e+02 2.27008484e+02
    6.20234863e+02 2.44988449e+02 5.69421387e+02 2.62365234e+02
    5.20998718e+02 2.78996887e+02 4.74445221e+02 2.94939148e+02
    4.30490814e+02 3.10348480e+02 3.88572998e+02 3.24864899e+02</data></image_points>
</opencv_storage>
